% -------------------------------------------------------------------
%  Generated by MATLAB on 27-Sep-2022 18:02:14
%  MATLAB version: 9.13.0.2049777 (R2022b)
% -------------------------------------------------------------------
                              

hw_num = 1;

id = 'A15956274';

name = 'Etka Uzun';

p1a = 1.3841287201E+10;

p1b = 14;

p1c = complex(0,2);

p1d = -0.90369220509150672;

p1e = 2.9129506302439405;

p1f = 9.5424250943932485;

p1g = 0.70710678118654757;

p1h = 1;

p1i = 63.434948822922;

p1j = 201.71563612245589;

p1k = Inf;

p1l = Inf;

p1m = NaN;

p2a = 'bank';

p2b = 'shortG';

p2c = 'rational';

p2d = '+';

p3a = ['', char(0), ''];

p3b = 'P';

p3c = -10;

p3d = int32(87);

p3e = int64(87);

p3f = 87;

p3g = 'char';

p3h = 'logical';

p3i = 87;

p3j = true;

p3k = false;

p3l = true;

